OMNeT++ Discrete Event Simulation  (C) 1992-2021 Andras Varga, OpenSim Ltd.
Version: 5.7, build: 211004-1d27e5f35e, edition: Academic Public License -- NOT FOR COMMERCIAL USE
See the license for distribution terms and warranty disclaimer

Setting up Cmdenv...

Loading NED files from .:  1

Preparing for running configuration General, run #0...
Assigned runID=General-0-20220330-22:05:57-36751
Setting up network "gg1"...
Initializing...

Running simulation...
** Event #0   t=0   Elapsed: 1.3e-05s (0m 00s)  0% completed  (0% total)
     Speed:     ev/sec=0   simsec/sec=0   ev/simsec=0
     Messages:  created: 4   present: 4   in FES: 2
** Event #6426112   t=1592376.131   Elapsed: 2.00009s (0m 02s)  19% completed  (19% total)
     Speed:     ev/sec=3.21294e+06   simsec/sec=796158   ev/simsec=4.03555
     Messages:  created: 3181060   present: 504   in FES: 2
** Event #12875776   t=3188779.993   Elapsed: 4.00015s (0m 04s)  39% completed  (39% total)
     Speed:     ev/sec=3.22473e+06   simsec/sec=798176   ev/simsec=4.04012
     Messages:  created: 6373578   present: 504   in FES: 2
** Event #19256832   t=4767256.283   Elapsed: 6.00016s (0m 06s)  59% completed  (59% total)
     Speed:     ev/sec=3.19052e+06   simsec/sec=789236   ev/simsec=4.04254
     Messages:  created: 9532442   present: 504   in FES: 2
** Event #25595648   t=6336216.65   Elapsed: 8.00018s (0m 08s)  79% completed  (79% total)
     Speed:     ev/sec=3.16937e+06   simsec/sec=784471   ev/simsec=4.04014
     Messages:  created: 12669920   present: 504   in FES: 2
** Event #31872256   t=7889252.463   Elapsed: 10.0002s (0m 10s)  99% completed  (99% total)
     Speed:     ev/sec=3.13822e+06   simsec/sec=776496   ev/simsec=4.04151
     Messages:  created: 15776530   present: 504   in FES: 2
** Event #31990784   t=7918695.417   Elapsed: 10.0381s (0m 10s)  100% completed  (100% total)
     Speed:     ev/sec=3.13273e+06   simsec/sec=778194   ev/simsec=4.02565
     Messages:  created: 15835182   present: 504   in FES: 3

<!> CPU time limit reached -- at t=7918695.417s, event #31990784

Calling finish() at end of Run #0...
histogram server nr. 1:
0 1.00524e-07
1 1.30075e-08
2 1.16562e-07
3 2.90459e-08
4 9.93875e-08
5 1.18078e-07
6 6.95839e-08
7 4.96306e-08
8 7.37513e-08
9 5.73341e-08
10 3.91488e-09
11 4.45791e-08
12 2.4247e-08
13 7.32462e-09
14 2.4929e-07
15 4.01591e-08
16 6.11227e-08
17 6.80684e-08
18 1.38915e-08
19 1.84252e-07
20 2.6899e-08
21 6.81947e-08
22 1.43967e-08
23 6.3017e-08
24 2.85407e-08
25 2.28326e-07
26 9.3452e-09
27 5.203e-08
28 9.85035e-09
29 1.64172e-09
30 2.52573e-09
31 5.79655e-08
32 6.98364e-08
33 1.55838e-07
34 1.90187e-07
35 1.90693e-08
36 3.27082e-08
37 2.24916e-07
38 3.28345e-08
39 8.10759e-08
40 2.0269e-07
41 1.68971e-07
42 3.48551e-08
43 4.33163e-08
44 4.95043e-08
45 1.42072e-07
46 1.38915e-09
47 1.45229e-08
48 1.28939e-07
49 1.75538e-08
50 1.95744e-08
51 7.29936e-08
52 2.43733e-08
53 1.79453e-07
54 9.31994e-08
55 1.41441e-08
56 5.43032e-08
57 1.33864e-08
58 3.877e-08
59 2.6015e-08
60 2.90459e-09
61 1.68592e-07
62 1.64172e-08
63 3.08139e-08
64 2.96773e-08
65 1.83115e-08
66 2.39944e-09
67 4.95043e-08
68 6.18804e-09
69 2.04584e-08
70 9.47149e-08
71 2.48784e-08
72 6.81947e-09
73 6.17541e-08
74 5.26615e-08
75 2.94121e-07
76 1.66698e-08
77 7.55193e-08
78 5.24089e-08
79 3.91488e-09
80 7.26147e-08
81 4.33163e-08
82 1.51039e-07
83 1.32601e-08
84 7.82976e-09
85 7.82976e-08
86 1.38789e-07
87 1.33737e-07
88 9.11788e-08
89 2.36156e-08
90 2.55099e-08
91 4.29374e-09
92 1.74275e-08
93 3.42236e-08
94 4.78626e-08
95 9.33257e-08
96 2.48784e-08
97 3.22031e-08
98 1.74275e-08
99 4.92517e-09
100 7.28673e-08
101 1.13658e-08
102 1.15678e-07
103 4.03233e-07
104 1.36389e-08
105 2.99299e-08
106 2.9551e-08
107 7.41302e-08
108 2.22264e-08
109 3.09402e-08
110 1.33737e-07
111 1.10122e-07
112 3.68757e-08
113 6.75633e-08
114 7.93079e-08
115 8.13285e-08
116 3.53602e-08
117 1.01661e-07
118 2.17213e-08
119 1.26286e-10
120 1.47755e-08
121 3.72545e-08
122 1.04565e-07
123 3.03088e-08
124 1.79327e-08
125 8.84005e-10
126 2.76567e-08
127 1.61773e-07
128 5.80918e-08
129 1.37147e-07
130 2.02058e-08
131 1.76801e-09
132 1.28812e-08
133 1.23129e-07
134 5.92284e-08
135 1.41441e-07
136 1.27549e-08
137 1.64172e-08
138 4.34931e-07
139 3.85174e-08
140 7.98131e-08
141 9.00423e-08
142 5.74604e-08
143 7.19833e-09
144 1.17194e-07
145 7.57719e-08
146 1.69729e-07
147 2.52573e-09
148 5.05146e-09
149 4.01591e-08
150 3.34659e-08
151 8.4612e-09
152 1.61647e-08
153 5.61975e-08
154 4.43266e-08
155 8.28439e-08
156 1.59121e-08
157 1.47376e-07
158 4.83677e-08
159 7.1857e-08
160 6.75633e-08
161 1.28812e-07
162 8.33491e-09
163 3.08139e-08
164 1.4826e-07
165 6.31432e-10
166 1.04565e-07
167 1.01029e-09
168 3.88962e-08
169 8.97897e-08
170 9.35783e-08
171 2.96773e-08
172 1.25024e-08
173 2.71769e-07
174 4.89992e-08
175 1.09869e-08
176 4.83677e-08
177 4.10431e-08
178 4.8494e-08
179 1.13658e-09
180 1.39041e-07
181 5.64501e-08
182 1.78064e-08
183 1.31591e-07
184 2.74042e-08
185 1.31717e-07
186 4.319e-08
187 3.88962e-08
188 1.86904e-08
189 6.81947e-09
190 5.72078e-08
191 5.43032e-08
192 2.52573e-09
193 2.27316e-08
194 2.21001e-08
195 5.83444e-08
196 6.31432e-10
197 1.99533e-08
198 1.21993e-07
199 2.10898e-08
200 3.97802e-08
201 4.55894e-08
202 1.08101e-07
203 4.29374e-08
204 1.67961e-08
205 7.17307e-08
206 3.61179e-08
207 1.7819e-07
208 1.08354e-07
209 2.39944e-09
210 6.12489e-08
211 5.203e-08
212 1.07217e-07
213 1.26665e-07
214 2.02058e-09
215 2.98036e-08
216 2.50805e-07
217 1.34621e-07
218 9.3452e-09
219 6.55427e-08
220 9.72406e-09
221 2.26811e-07
222 1.51796e-07
223 1.56595e-08
224 4.45791e-08
225 4.64734e-08
226 1.37526e-07
227 6.70581e-08
228 7.70348e-09
229 5.60712e-08
230 8.60011e-08
231 3.62442e-08
232 1.09996e-07
233 3.66231e-08
234 1.08606e-08
235 2.58761e-07
236 1.48892e-07
237 1.7175e-08
238 9.49674e-08
239 6.81947e-08
240 6.79421e-08
241 1.99533e-08
242 7.6277e-08
243 3.30871e-08
244 1.30454e-07
245 6.33958e-08
246 6.95839e-08
247 2.18476e-08
248 9.98926e-08
249 1.78064e-08
250 2.39944e-09
251 6.11227e-08
252 1.90693e-08
253 2.62676e-08
254 1.32727e-07
255 3.53602e-09
256 3.94014e-08
257 3.91488e-09
258 5.72078e-08
259 6.42798e-08
260 7.07204e-08
261 3.9654e-08
262 1.84378e-08
263 1.37652e-08
264 4.47054e-08
265 1.22498e-08
266 1.06586e-07
267 3.06876e-08
268 2.44996e-08
269 8.84005e-08
270 1.30075e-08
271 4.29374e-09
272 9.05474e-08
273 4.319e-08
274 1.33359e-07
275 4.88729e-08
276 7.13519e-08
277 3.15716e-08
278 1.10248e-07
279 1.91955e-08
280 5.78392e-08
281 1.28812e-08
282 7.22359e-08
283 1.41441e-08
284 2.80987e-07
285 3.81385e-08
286 1.89303e-07
287 1.79327e-08
288 7.93079e-08
289 7.43827e-08
290 6.31432e-10
291 1.27549e-08
292 5.05146e-10
293 5.48083e-08
294 1.58237e-07
295 7.99394e-08
296 2.46259e-08
297 2.32367e-07
298 2.04584e-08
299 2.96773e-07
300 2.55856e-07
301 4.79889e-09
302 1.94481e-08
303 2.90459e-09
304 8.67588e-08
305 2.31104e-08
306 1.08606e-08
307 5.80918e-09
308 1.84883e-07
309 5.30403e-08
310 1.99785e-07
311 8.20862e-09
312 5.87232e-08
313 1.90693e-08
314 2.85407e-08
315 4.29374e-09
316 9.09263e-09
317 2.41207e-08
318 1.50912e-07
319 5.89758e-08
320 7.6277e-08
321 6.88261e-08
322 1.32348e-07
323 6.5669e-09
324 2.27316e-08
325 5.74604e-08
326 1.74023e-07
327 2.14687e-09
328 2.44617e-07
329 3.30871e-08
330 1.51544e-09
331 1.31338e-08
332 5.63238e-08
333 1.13405e-07
334 1.65309e-07
335 8.56222e-08
336 2.37419e-08
337 5.24089e-08
338 1.32601e-08
339 7.96868e-08
340 5.17775e-09
341 1.8943e-09
342 2.81619e-08
343 2.22264e-08
344 2.39944e-09
345 3.78859e-10
346 2.3363e-08
347 7.86765e-08
348 3.20768e-08
349 6.51638e-08
350 5.35455e-08
351 1.43461e-07
352 2.20875e-07
353 1.11511e-07
354 6.81947e-09
355 1.14668e-07
356 4.04117e-09
357 2.84145e-08
358 2.27316e-08
359 8.75165e-08
360 5.46821e-08
361 6.5669e-09
362 6.13752e-08
363 4.73574e-08
364 3.43499e-08
365 1.80211e-07
366 3.53602e-07
367 8.23388e-08
368 6.12489e-08
369 3.56128e-08
370 1.12521e-07
371 1.0406e-07
372 7.14782e-08
373 9.39572e-08
374 4.72311e-08
375 1.02039e-07
376 6.41535e-08
377 3.01825e-08
378 2.98036e-08
379 3.18242e-08
380 2.23527e-08
381 3.66231e-09
382 2.75305e-08
383 1.0646e-07
384 1.69855e-07
385 6.09964e-08
386 1.50281e-08
387 7.0089e-08
388 3.25819e-08
389 1.44093e-07
390 3.71282e-08
391 1.12395e-08
392 7.57719e-09
393 7.32462e-09
394 7.19833e-08
395 6.17541e-08
396 2.27316e-08
397 2.44996e-08
398 1.50534e-07
399 9.38309e-08
400 5.98598e-08
401 1.21361e-07
402 2.50047e-08
403 9.8756e-08
404 3.15716e-09
405 7.12256e-08
406 8.84005e-09
407 1.63415e-07
408 8.58748e-09
409 8.22125e-08
410 5.2914e-08
411 2.34893e-08
412 9.71143e-08
413 2.21001e-08
414 9.58514e-08
415 1.58363e-07
416 3.24556e-08
417 8.00656e-08
418 3.08139e-08
419 7.69085e-08
420 1.374e-07
421 2.56235e-07
422 1.33864e-08
423 2.9551e-08
424 3.28345e-09
425 1.76043e-07
426 4.87466e-08
427 4.47054e-08
428 6.11227e-08
429 1.31085e-07
430 5.96072e-08
431 4.96306e-08
432 2.90459e-09
433 9.2568e-08
434 1.25276e-07
436 3.78859e-09
437 4.72311e-08
438 4.04117e-08
439 6.99627e-08
440 9.88823e-08
441 1.03176e-07
442 2.58887e-08
443 1.4384e-07
444 6.31432e-10
445 7.69085e-08
446 1.46871e-07
447 8.34754e-08
448 3.06876e-08
449 1.06207e-07
450 2.55983e-07
451 5.65763e-08
452 3.70019e-08
453 4.74837e-08
454 3.03088e-08
455 9.67355e-08
456 9.21891e-08
457 8.05708e-08
458 3.28345e-09
459 1.25908e-07
460 2.94248e-08
461 1.64172e-09
462 1.94481e-08
463 5.03883e-08
464 5.92284e-08
465 5.59449e-08
466 7.52668e-08
467 3.40974e-09
468 2.71516e-08
469 1.38915e-08
470 1.21235e-08
471 9.95138e-08
472 1.08606e-07
473 1.43209e-07
474 1.57858e-08
475 1.46492e-08
476 9.20629e-08
477 3.51076e-08
478 5.80918e-09
479 1.21235e-08
480 1.21235e-08
481 1.4725e-07
482 6.69318e-09
483 5.69552e-08
484 2.1595e-08
485 8.36017e-08
486 2.55099e-08
487 2.89196e-08
488 1.97007e-08
489 2.27316e-08
490 5.12723e-08
491 1.67961e-08
492 1.65435e-08
493 3.88962e-08
494 1.2275e-07
495 3.91488e-09
496 1.83115e-07
497 1.28055e-07
498 2.49652e-05
499 0.999943

λ: 1.99972
μ: 0.0101162
ρ: 197.675

średnia liczba zadań w systemie: 
z wzoru ρ/(1-ρ): 	-1.00508
z histogramu: 		498.992

średni czas pobytu w systemie:
zmierzony:	49271.8
obliczony:	-0.502612

średni czas oczekiwania w kolejce:
zmierzony:	49173
obliczony:	-99.3542

P(0): -196.675
P(1): -38877.9
P(2): -7.68521e+06
P(500): -inf
histogram server nr. 2:
0 0.997471
1 0.00252561
2 3.49839e-06

λ: 0.0101164
μ: 4
ρ: 0.00252911

średnia liczba zadań w systemie: 
z wzoru ρ/(1-ρ): 	0.00253552
z histogramu: 		0.00253261

średni czas pobytu w systemie:
zmierzony:	0.250346
obliczony:	0.250634

średni czas oczekiwania w kolejce:
zmierzony:	0.000345812
obliczony:	0.00063388

P(0): 0.997471
P(1): 0.00252271
P(2): 6.38021e-06
P(500): 0

End.
