OMNeT++ Discrete Event Simulation  (C) 1992-2021 Andras Varga, OpenSim Ltd.
Version: 5.7, build: 211004-1d27e5f35e, edition: Academic Public License -- NOT FOR COMMERCIAL USE
See the license for distribution terms and warranty disclaimer

Setting up Cmdenv...

Loading NED files from .:  1

Preparing for running configuration General, run #0...
Assigned runID=General-0-20220330-22:09:29-37136
Setting up network "gg1"...
Initializing...

Running simulation...
** Event #0   t=0   Elapsed: 1e-05s (0m 00s)  0% completed  (0% total)
     Speed:     ev/sec=0   simsec/sec=0   ev/simsec=0
     Messages:  created: 4   present: 4   in FES: 2
** Event #6390528   t=761292.789   Elapsed: 2.00005s (0m 02s)  19% completed  (19% total)
     Speed:     ev/sec=3.19519e+06   simsec/sec=380638   ev/simsec=8.39431
     Messages:  created: 1521232   present: 504   in FES: 2
** Event #12816128   t=1526782.877   Elapsed: 4.0001s (0m 04s)  39% completed  (39% total)
     Speed:     ev/sec=3.21272e+06   simsec/sec=382736   ev/simsec=8.3941
     Messages:  created: 3049932   present: 503   in FES: 2
** Event #19122688   t=2277168.564   Elapsed: 6.00017s (0m 06s)  59% completed  (59% total)
     Speed:     ev/sec=3.15317e+06   simsec/sec=375180   ev/simsec=8.40442
     Messages:  created: 4551315   present: 504   in FES: 3
** Event #25372672   t=3020686.735   Elapsed: 8.00027s (0m 08s)  79% completed  (79% total)
     Speed:     ev/sec=3.12485e+06   simsec/sec=371742   ev/simsec=8.40596
     Messages:  created: 6039222   present: 504   in FES: 2
** Event #31501824   t=3750233.881   Elapsed: 10.0003s (0m 10s)  99% completed  (99% total)
     Speed:     ev/sec=3.06455e+06   simsec/sec=364771   ev/simsec=8.40131
     Messages:  created: 7497367   present: 504   in FES: 3
** Event #31630336   t=3765565.047   Elapsed: 10.0422s (0m 10s)  100% completed  (100% total)
     Speed:     ev/sec=3.06548e+06   simsec/sec=365707   ev/simsec=8.38234
     Messages:  created: 7527792   present: 504   in FES: 3

<!> CPU time limit reached -- at t=3765565.047s, event #31630336

Calling finish() at end of Run #0...
histogram server nr. 1:
0 2.11389e-07
1 2.73531e-08
2 2.45116e-07
3 1.54558e-07
4 2.61847e-07
5 1.94393e-07
6 2.29713e-07
7 1.20752e-06
8 1.09864e-06
9 8.05191e-07
10 3.91708e-07
11 5.54498e-07
12 1.62791e-07
13 1.85895e-07
14 1.527e-07
15 2.27058e-07
16 5.34316e-07
17 6.55413e-07
18 1.07633e-06
19 5.26614e-07
20 7.56859e-08
21 2.80967e-07
22 6.21421e-08
23 2.67689e-07
24 4.67393e-08
25 1.71289e-07
26 4.81468e-07
27 3.63823e-07
28 5.0351e-07
29 1.23487e-07
30 1.9041e-07
31 3.7179e-09
32 9.10886e-08
33 1.94924e-07
34 2.95042e-07
35 8.07581e-07
36 1.6704e-07
37 1.57214e-07
38 2.12452e-09
39 5.31129e-09
40 1.06226e-08
41 1.54824e-07
42 8.81674e-08
43 4.44024e-07
44 3.27706e-07
45 3.16287e-07
46 2.78843e-08
47 2.5866e-07
48 1.0835e-07
49 7.6217e-08
50 3.69135e-07
51 1.91472e-07
52 2.71938e-07
53 8.0466e-08
54 4.19326e-07
55 2.10061e-07
56 5.3644e-08
57 1.27471e-08
58 1.21894e-07
59 1.12599e-07
60 1.59339e-08
61 8.52462e-08
62 1.32782e-09
63 4.19592e-08
64 3.13366e-08
65 2.23871e-07
66 6.02831e-08
67 2.06875e-07
68 8.3042e-07
69 9.74887e-07
70 3.67807e-07
71 3.7179e-09
72 2.92121e-08
73 6.45322e-08
74 7.09323e-07
75 5.82914e-07
76 5.72291e-07
77 7.48892e-08
78 1.32782e-09
79 1.33313e-07
80 1.39687e-07
81 6.63911e-09
82 2.47506e-07
83 5.60341e-08
84 9.74621e-08
85 4.04189e-07
86 3.14959e-07
87 3.11241e-07
88 2.80967e-07
89 1.21894e-07
90 9.879e-08
91 5.12539e-08
92 1.51372e-08
93 4.03658e-08
94 1.21628e-07
95 6.05487e-08
96 3.64885e-07
97 8.02005e-08
98 2.64237e-07
99 1.71555e-07
100 2.02626e-07
101 6.53023e-07
102 7.51547e-08
103 2.13779e-07
104 4.10297e-07
105 1.00914e-08
106 4.70049e-08
107 7.06401e-08
108 1.17911e-07
109 4.85983e-08
110 3.50545e-08
111 2.18028e-07
112 4.17998e-07
113 1.86161e-07
114 4.46148e-07
115 3.97284e-07
116 7.25256e-07
117 3.56122e-07
118 4.99261e-08
119 2.04485e-07
120 1.02667e-06
121 8.50603e-07
122 9.46737e-07
123 3.74446e-07
124 1.88551e-07
125 1.27471e-08
126 1.34907e-07
127 6.34699e-08
128 3.45234e-09
129 5.92209e-08
130 7.70137e-09
131 4.70049e-08
132 2.97432e-08
133 3.97815e-07
134 2.22277e-07
135 1.17379e-07
136 7.80759e-08
137 2.36352e-08
138 1.59339e-08
139 1.54027e-08
140 5.25818e-08
141 9.879e-08
142 7.88726e-08
143 8.33872e-08
144 3.79492e-07
145 1.02508e-07
146 5.25818e-08
147 1.00118e-07
148 6.63911e-09
149 1.00914e-07
150 4.59426e-08
151 5.29535e-07
152 4.17998e-07
153 3.59574e-07
154 4.40837e-07
155 1.2933e-07
156 4.44289e-07
157 2.76718e-07
158 1.80584e-08
159 2.17763e-07
160 7.11713e-08
162 3.96488e-07
163 1.50841e-07
164 2.70876e-07
165 2.76187e-07
166 2.88137e-07
167 2.82029e-07
168 3.73118e-07
169 3.12304e-07
170 1.64119e-07
171 4.43493e-08
172 7.70137e-08
173 1.13396e-07
174 2.34759e-07
175 2.23074e-08
176 2.71141e-07
177 2.42195e-07
178 1.12334e-07
179 1.89082e-07
180 1.85364e-07
181 1.58808e-07
182 3.70462e-07
183 4.1853e-07
184 3.6701e-07
185 3.31956e-08
186 4.21185e-07
187 1.365e-07
188 6.74534e-08
189 3.39922e-08
190 5.57685e-08
191 1.75273e-08
192 2.81498e-08
193 1.72617e-08
194 4.51459e-09
195 2.15373e-07
196 1.75273e-08
197 2.96901e-07
198 4.08172e-07
199 6.98434e-08
200 2.34493e-07
201 1.85895e-08
202 1.75273e-08
203 1.69961e-08
204 1.73679e-07
205 2.92121e-09
206 6.22749e-07
207 3.84803e-07
208 7.0109e-08
209 3.58512e-08
210 6.26998e-07
211 1.64915e-07
212 2.46709e-07
213 1.76866e-07
214 1.94924e-07
215 1.94659e-07
216 3.27972e-07
217 7.13306e-07
218 4.81203e-07
219 5.24755e-07
220 1.82708e-07
221 8.57773e-08
222 1.63322e-07
223 9.45409e-08
224 2.23074e-08
225 3.37267e-08
226 1.02508e-07
227 3.42578e-08
228 5.33784e-08
229 2.74859e-07
230 8.49275e-07
231 1.06491e-06
232 4.08969e-07
233 1.10475e-07
234 6.23014e-07
235 1.91472e-07
236 6.2806e-07
237 2.48834e-07
238 2.46178e-07
239 1.75538e-07
240 1.6226e-07
241 2.54411e-07
242 1.63057e-07
243 1.14724e-07
244 7.4358e-08
245 2.39008e-08
246 2.96901e-07
247 4.05782e-07
248 6.97107e-07
249 2.16701e-07
250 8.44229e-07
251 1.41811e-07
252 8.92296e-08
253 1.71289e-07
254 9.56032e-09
255 5.31129e-09
256 1.76335e-07
257 2.24933e-07
258 1.0357e-08
259 1.35438e-07
260 1.52168e-07
261 4.23841e-07
262 2.95839e-07
263 9.37442e-08
264 2.16701e-07
265 2.31041e-08
266 2.37946e-07
267 5.46532e-07
268 1.94128e-07
269 2.19887e-07
270 1.84833e-07
271 1.66509e-07
272 2.40867e-07
273 2.60253e-08
274 1.48185e-07
275 1.61994e-07
276 1.61729e-07
277 1.2216e-07
278 1.85098e-07
279 4.94746e-07
280 3.68869e-07
281 1.12865e-07
282 8.55914e-07
283 3.694e-07
284 2.08734e-07
285 5.48656e-07
286 8.71051e-08
287 2.82826e-07
288 2.25464e-07
289 8.15548e-07
290 4.60223e-07
291 4.83593e-07
292 2.38211e-07
293 9.98522e-08
294 2.68486e-07
295 9.16197e-08
296 8.35731e-07
297 3.17615e-07
298 1.8802e-07
299 5.04572e-09
300 4.72705e-08
301 1.30127e-07
302 7.82087e-07
303 5.70167e-07
304 5.11477e-07
305 4.57833e-07
306 1.61198e-07
307 2.6822e-07
308 4.77485e-07
309 3.51607e-07
310 2.09796e-07
311 2.18294e-07
312 6.61521e-07
313 8.1183e-07
314 1.85098e-07
315 6.87812e-08
316 7.96693e-10
317 2.89465e-08
318 1.49513e-07
319 5.89819e-07
320 6.13454e-08
321 5.04572e-08
322 2.54942e-07
323 4.80406e-07
324 5.36971e-07
325 3.98081e-07
326 2.81498e-07
327 6.84625e-07
328 3.53732e-07
329 4.72439e-07
330 4.5624e-07
331 2.92121e-07
332 1.96518e-08
333 1.61994e-08
334 9.18853e-08
335 1.43139e-07
336 8.71051e-08
337 1.14193e-07
338 1.62525e-07
339 3.45234e-08
340 1.22691e-07
341 1.99173e-08
342 5.27411e-07
343 4.67393e-08
344 2.5388e-07
345 4.27559e-08
346 4.16936e-08
347 7.94038e-08
348 1.17114e-07
349 6.45322e-08
350 1.38625e-07
351 3.92239e-07
352 3.03806e-07
353 5.23162e-08
354 7.59514e-08
355 5.23162e-07
356 1.10209e-07
357 4.70049e-08
358 4.1428e-08
359 3.59309e-07
360 7.63232e-07
361 4.91294e-08
362 1.79522e-07
363 3.32487e-07
364 3.53732e-07
365 5.12805e-07
366 2.36618e-07
367 4.96605e-07
368 1.33579e-07
369 4.16405e-07
370 1.21097e-07
371 2.49099e-07
372 5.82117e-07
373 6.34699e-08
374 1.34907e-07
375 2.95042e-07
376 1.67306e-08
377 1.59339e-08
378 1.19504e-08
379 9.0823e-08
380 1.64119e-07
381 5.79993e-07
382 5.15461e-07
383 5.60872e-07
384 6.26998e-07
385 3.83475e-07
386 4.88639e-08
387 2.07671e-07
388 6.00176e-08
389 4.46148e-07
390 3.89052e-07
391 3.45765e-07
392 3.11241e-07
393 4.47476e-07
394 2.65564e-08
395 1.33313e-07
396 8.71051e-08
397 2.58129e-07
398 1.8563e-07
399 1.4606e-08
400 3.61699e-07
401 5.06166e-07
402 2.81233e-07
403 3.26644e-08
404 9.82588e-09
405 3.00088e-08
406 5.09884e-08
407 1.52965e-07
408 6.67894e-07
409 8.20594e-07
410 5.87428e-07
411 7.51016e-07
412 3.32221e-07
413 5.54764e-07
414 4.72705e-07
415 1.02322e-06
416 5.35909e-07
417 3.3169e-07
418 1.14193e-08
419 1.77131e-07
420 3.14428e-07
421 2.07937e-07
422 3.79757e-08
423 3.293e-08
424 2.70876e-08
425 5.62997e-08
426 1.11803e-07
427 1.16052e-07
428 2.5866e-07
429 2.86544e-07
430 1.92269e-07
431 1.57745e-07
432 3.39391e-07
433 3.82678e-07
434 2.69548e-07
435 8.4715e-08
436 2.69813e-07
437 1.75538e-07
438 3.23457e-07
439 1.07022e-06
440 1.04739e-06
441 7.47829e-07
442 7.72792e-07
443 2.329e-07
444 2.77249e-07
445 9.02919e-09
446 2.70876e-08
447 2.52286e-08
448 3.06196e-07
449 1.33048e-07
450 9.71966e-08
451 6.89405e-07
452 4.76423e-07
453 1.25612e-07
454 5.16788e-07
455 3.69135e-08
456 1.25878e-07
457 1.78459e-07
458 1.73679e-07
459 3.06992e-07
460 1.26674e-07
461 2.52021e-07
462 3.75774e-07
463 4.39244e-07
464 6.83032e-07
465 4.65534e-07
466 3.06461e-07
467 6.05752e-07
468 3.62761e-07
469 3.41516e-07
470 5.83711e-07
471 7.68543e-07
472 5.16523e-07
473 5.68042e-07
474 6.47712e-07
475 1.72776e-06
476 9.48596e-07
477 1.08696e-06
478 8.32279e-07
479 1.80159e-06
480 5.9351e-06
481 7.66313e-06
482 1.30291e-05
483 2.53083e-05
484 4.46924e-05
485 6.93474e-05
486 0.000122009
487 0.000211738
488 0.000377152
489 0.000668762
490 0.00117839
491 0.0020888
492 0.00381091
493 0.00681976
494 0.0125441
495 0.0227001
496 0.0412131
497 0.0748336
498 0.135972
499 0.697163

λ: 1.99911
μ: 1.10042
ρ: 1.81669

średnia liczba zadań w systemie: 
z wzoru ρ/(1-ρ): 	-2.22446
z histogramu: 		498.294

średni czas pobytu w systemie:
zmierzony:	453.204
obliczony:	-1.11272

średni czas oczekiwania w kolejce:
zmierzony:	452.295
obliczony:	-2.02147

P(0): -0.816688
P(1): -1.48367
P(2): -2.69536
P(500): -3.56591e+129
histogram server nr. 2:
0 0.724896
1 0.22954
2 0.0396748
3 0.00519947
4 0.000607729
5 7.31707e-05
6 7.81689e-06
7 6.62318e-07
8 6.00176e-08

λ: 1.10042
μ: 4
ρ: 0.275104

średnia liczba zadań w systemie: 
z wzoru ρ/(1-ρ): 	0.379509
z histogramu: 		0.327337

średni czas pobytu w systemie:
zmierzony:	0.297467
obliczony:	0.344877

średni czas oczekiwania w kolejce:
zmierzony:	0.0474667
obliczony:	0.0948771

P(0): 0.724896
P(1): 0.199422
P(2): 0.0548618
P(500): 4.06299e-281

End.
