0 5.45025e-08
1 7.63035e-08
2 1.19905e-07
3 8.06637e-08
4 1.04645e-07
5 5.45025e-08
6 7.41234e-08
7 1.17725e-07
8 8.06637e-08
9 5.45025e-08
10 9.04741e-08
11 1.27536e-07
12 5.45025e-08
13 7.95736e-08
14 1.50427e-07
15 1.29716e-07
16 2.39811e-07
17 5.45025e-08
18 9.48343e-08
19 1.15545e-07
20 6.21328e-08
21 5.45025e-08
22 5.45025e-08
23 1.27536e-07
24 1.99479e-07
25 5.88627e-08
26 1.04645e-07
27 5.45025e-08
28 1.07915e-07
29 1.89669e-07
30 1.38436e-07
31 5.45025e-08
32 5.45025e-08
33 5.77726e-08
34 1.46067e-07
35 2.32181e-07
36 1.87489e-07
37 2.1801e-07
38 7.17253e-07
39 2.57034e-06
40 6.4193e-06
41 1.90279e-05
42 6.83995e-05
43 0.000251418
44 0.000894294
45 0.00314683
46 0.010964
47 0.0377472
48 0.122491
49 0.324356
50 0.500048