0 0.500048
1 0.324356
2 0.122491
3 0.0377472
4 0.010964
5 0.00314683
6 0.000894294
7 0.000251418
8 6.83995e-05
9 1.90279e-05
10 6.4193e-06
11 2.57034e-06
12 7.17253e-07
13 2.1801e-07
14 1.87489e-07
15 2.32181e-07
16 1.46067e-07
17 5.77726e-08
18 5.45025e-08
19 5.45025e-08
20 1.38436e-07
21 1.89669e-07
22 1.07915e-07
23 5.45025e-08
24 1.04645e-07
25 5.88627e-08
26 1.99479e-07
27 1.27536e-07
28 5.45025e-08
29 5.45025e-08
30 6.21328e-08
31 1.15545e-07
32 9.48343e-08
33 5.45025e-08
34 2.39811e-07
35 1.29716e-07
36 1.50427e-07
37 7.95736e-08
38 5.45025e-08
39 1.27536e-07
40 9.04741e-08
41 5.45025e-08
42 8.06637e-08
43 1.17725e-07
44 7.41234e-08
45 5.45025e-08
46 1.04645e-07
47 8.06637e-08
48 1.19905e-07
49 7.63035e-08
50 5.45025e-08