OMNeT++ Discrete Event Simulation  (C) 1992-2021 Andras Varga, OpenSim Ltd.
Version: 5.7, build: 211004-1d27e5f35e, edition: Academic Public License -- NOT FOR COMMERCIAL USE
See the license for distribution terms and warranty disclaimer

Setting up Cmdenv...

Loading NED files from .:  1

Preparing for running configuration General, run #0...
Assigned runID=General-0-20220328-21:48:17-26536
Setting up network "gg1"...
Initializing...

Running simulation...
** Event #0   t=0   Elapsed: 1.1e-05s (0m 00s)  0% completed  (0% total)
     Speed:     ev/sec=0   simsec/sec=0   ev/simsec=0
     Messages:  created: 2   present: 2   in FES: 1
** Event #5663488   t=1889695.396   Elapsed: 2.00002s (0m 02s)  19% completed  (19% total)
     Speed:     ev/sec=2.83173e+06   simsec/sec=944843   ev/simsec=2.99704
     Messages:  created: 1888648   present: 498   in FES: 1
** Event #11175424   t=3728036.227   Elapsed: 4.0001s (0m 04s)  39% completed  (39% total)
     Speed:     ev/sec=2.75586e+06   simsec/sec=919133   ev/simsec=2.99832
     Messages:  created: 3726673   present: 497   in FES: 1
** Event #16700416   t=5568526.452   Elapsed: 6.00013s (0m 06s)  59% completed  (59% total)
     Speed:     ev/sec=2.76246e+06   simsec/sec=920234   ev/simsec=3.00191
     Messages:  created: 5567141   present: 502   in FES: 1
** Event #22177280   t=7393542.775   Elapsed: 8.00023s (0m 08s)  79% completed  (79% total)
     Speed:     ev/sec=2.7383e+06   simsec/sec=912464   ev/simsec=3.00099
     Messages:  created: 7390741   present: 502   in FES: 1
** Event #27682048   t=9229694.539   Elapsed: 10.0003s (0m 10s)  99% completed  (99% total)
     Speed:     ev/sec=2.75227e+06   simsec/sec=918036   ev/simsec=2.99799
     Messages:  created: 9224609   present: 502   in FES: 1
** Event #27732992   t=9246778.103   Elapsed: 10.0184s (0m 10s)  100% completed  (100% total)
     Speed:     ev/sec=2.80801e+06   simsec/sec=941658   ev/simsec=2.98199
     Messages:  created: 9241712   present: 499   in FES: 2

<!> CPU time limit reached -- at t=9246778.103s, event #27732992

Calling finish() at end of Run #0...
histogram:
0 8.6084e-08
1 2.90912e-07
2 5.79878e-07
3 2.76204e-07
4 8.52189e-08
5 6.62934e-08
6 7.01866e-08
7 1.74007e-07
8 4.26311e-07
9 2.0061e-07
10 4.45561e-08
11 9.84127e-09
12 1.13012e-07
13 2.63443e-07
14 1.04426e-06
15 3.03349e-07
16 2.06342e-07
17 1.34641e-07
18 9.65417e-07
19 4.65459e-07
20 1.22529e-07
21 2.8226e-07
22 2.3857e-07
23 3.64559e-07
24 1.15932e-07
25 9.63579e-08
26 1.09768e-07
27 8.3813e-08
28 4.95632e-07
29 6.8997e-08
30 1.14418e-07
31 2.53061e-08
32 1.30424e-07
33 2.79557e-07
34 4.54537e-07
35 2.90047e-07
36 1.155e-07
37 1.13229e-07
38 1.78765e-07
39 1.86011e-07
40 1.51404e-09
41 1.10309e-08
42 1.81685e-07
43 3.62937e-07
44 3.82728e-07
45 3.0854e-07
46 1.95419e-07
47 4.40802e-07
48 4.70542e-07
49 7.07273e-08
50 3.06377e-07
51 3.2314e-07
52 5.32834e-07
53 2.9859e-07
54 3.173e-07
55 2.31973e-07
56 2.14129e-07
57 2.05369e-07
58 5.4473e-07
59 3.53961e-07
60 1.10201e-07
61 8.31641e-08
62 3.07675e-07
63 6.41304e-08
64 8.73818e-08
65 6.65313e-07
66 2.07315e-07
67 1.72168e-07
68 3.51474e-08
69 9.4195e-08
70 9.44113e-08
71 3.04647e-07
72 9.60334e-08
73 1.39724e-07
74 1.37994e-07
75 4.34854e-07
76 2.36407e-07
77 1.27504e-07
78 1.52594e-07
79 4.19606e-08
80 2.19103e-07
81 3.43579e-07
82 2.40949e-07
83 1.59515e-07
84 4.18524e-08
85 6.11024e-08
86 2.70364e-08
87 2.45383e-07
88 1.64382e-08
89 4.95308e-08
90 1.10309e-08
91 4.55943e-07
92 5.54139e-07
93 5.24507e-07
94 5.75768e-07
95 1.46321e-07
96 5.18018e-08
97 2.17481e-07
98 4.46858e-07
99 2.77394e-07
100 5.89394e-08
101 1.38427e-07
102 5.62358e-09
103 4.77355e-07
104 2.86586e-07
105 8.53703e-07
106 6.43792e-07
107 2.21807e-07
108 1.14526e-07
109 1.0501e-07
110 3.64451e-08
111 4.19822e-07
112 2.33162e-07
113 1.02955e-07
114 2.04936e-07
115 9.73312e-08
116 1.88714e-07
117 1.43726e-07
118 8.73818e-08
119 5.49381e-08
120 2.58468e-08
121 2.55224e-08
122 2.72527e-08
123 2.2278e-08
124 2.6712e-08
125 3.46391e-07
126 7.83732e-07
127 4.6719e-07
128 7.22846e-07
129 7.72485e-07
130 6.07887e-07
131 4.74652e-07
132 7.302e-07
133 5.14017e-07
134 7.97034e-08
135 1.41995e-07
136 2.47438e-07
137 6.25083e-08
138 1.96717e-07
139 2.43652e-07
140 2.08289e-07
141 7.36473e-08
142 2.61713e-08
143 3.51474e-08
144 1.35723e-07
145 3.50825e-07
146 1.09552e-07
147 1.53567e-08
148 1.1139e-07
149 1.00359e-07
150 1.06091e-07
151 7.31065e-08
152 2.47654e-08
153 1.68707e-08
154 1.94662e-08
155 7.24577e-08
156 3.83918e-08
157 6.1881e-07
158 4.04033e-07
159 2.4322e-07
160 3.65533e-08
161 2.98482e-08
162 1.22313e-07
163 1.14635e-08
164 7.02948e-09
165 1.83848e-09
166 1.18852e-07
167 4.14847e-07
168 6.19459e-07
169 4.91523e-07
170 2.22564e-07
171 2.32189e-07
172 2.80206e-07
173 5.70253e-07
174 1.5746e-07
175 1.23827e-07
176 1.91634e-07
177 7.61346e-08
178 7.04462e-07
179 2.78475e-07
180 5.77498e-07
181 7.04029e-08
182 1.51512e-07
183 7.44043e-08
184 1.56271e-07
185 2.33379e-07
186 1.93257e-07
187 2.27431e-07
188 9.10587e-08
189 5.18775e-07
190 6.78723e-07
191 2.35866e-07
192 1.41779e-07
193 9.31135e-08
194 3.48878e-07
195 7.16141e-07
196 2.65282e-07
197 1.75521e-07
198 8.40293e-08
199 3.40659e-08
200 4.57457e-08
201 7.67835e-09
202 6.99703e-08
203 5.36403e-08
204 3.68236e-07
205 1.25017e-07
206 6.14268e-08
207 1.01008e-07
208 2.27106e-07
209 6.3806e-09
210 1.16689e-07
211 1.29126e-07
212 1.80495e-07
213 2.31648e-07
214 1.90445e-07
215 6.80778e-07
216 6.8413e-07
217 5.86042e-07
218 3.91704e-07
219 2.58793e-07
220 1.49349e-07
221 3.01619e-07
222 9.78719e-08
223 6.64015e-08
224 2.73825e-07
225 9.47357e-08
226 1.05983e-08
227 2.78908e-07
228 1.04036e-07
229 3.11135e-07
230 5.69928e-08
231 1.87633e-07
232 1.80387e-07
233 5.88854e-07
234 1.8547e-07
235 1.4405e-07
236 7.42961e-08
237 5.18235e-07
238 1.394e-07
239 3.75374e-07
240 9.62497e-09
241 1.88174e-08
242 1.07064e-08
243 1.07172e-07
244 1.08578e-07
245 5.49381e-08
246 3.34062e-07
247 2.14994e-07
248 4.90333e-07
249 3.26492e-07
250 3.4001e-07
251 1.92391e-07
252 1.34533e-07
253 3.38821e-07
254 6.27246e-09
255 4.28257e-08
256 9.84127e-09
257 2.86586e-08
258 9.38705e-08
259 1.12039e-07
260 2.48843e-07
261 2.33595e-08
262 8.51107e-08
263 3.13623e-08
264 6.92133e-09
265 1.05334e-07
266 7.84057e-08
267 2.81179e-09
268 1.84389e-07
269 8.89823e-07
270 2.91994e-07
271 1.10233e-06
272 6.43035e-07
273 3.46066e-07
274 5.18451e-07
275 2.81179e-07
276 5.48299e-08
277 5.28076e-07
278 5.76309e-07
279 4.6892e-07
280 1.49133e-07
281 1.21123e-08
282 7.2674e-08
283 3.2606e-07
284 2.40192e-07
285 2.87668e-08
286 4.79086e-08
287 1.26531e-07
288 5.2667e-08
289 2.53818e-07
290 3.15245e-07
291 1.25557e-07
292 1.50431e-07
293 1.3475e-07
294 1.58974e-07
295 2.23429e-07
296 4.69353e-08
297 2.04612e-07
298 5.22993e-07
299 3.32224e-07
300 2.70364e-09
301 2.61064e-07
302 1.81144e-07
303 2.75555e-07
304 1.3356e-07
305 8.00279e-09
306 1.02306e-07
307 3.74184e-08
308 2.67661e-07
309 1.96609e-07
310 2.94157e-07
311 5.37809e-07
312 4.24364e-07
313 8.05902e-07
314 3.75158e-07
315 4.182e-07
316 1.06307e-07
317 4.39072e-08
318 2.71121e-07
319 2.65498e-07
320 2.0007e-08
321 8.47863e-08
322 5.15747e-07
323 2.31432e-07
324 1.96717e-07
325 1.35615e-07
326 2.41598e-07
327 6.70504e-08
328 5.17261e-07
329 3.05836e-07
330 1.48917e-07
331 1.68816e-07
332 4.97471e-08
333 1.01657e-08
334 7.55939e-08
335 5.63439e-08
336 1.80603e-08
337 2.70364e-09
338 5.99128e-08
339 1.63516e-07
340 5.72524e-07
341 3.12649e-07
342 1.65355e-07
343 3.24437e-10
344 2.79016e-08
345 1.1312e-07
346 5.56194e-07
347 7.30849e-07
348 3.3071e-07
349 4.39072e-08
350 1.71735e-07
351 4.17443e-08
352 4.14847e-07
353 8.60516e-07
354 8.99881e-07
355 2.96644e-07
356 4.88819e-07
357 4.98876e-07
358 1.33019e-08
359 4.00139e-09
360 1.22205e-08
361 2.0764e-08
362 4.12035e-08
363 6.46712e-08
364 8.17041e-07
365 4.98228e-07
366 1.38102e-07
367 1.27179e-07
368 2.27971e-07
369 1.51404e-08
370 6.29625e-07
371 2.04504e-07
372 3.93434e-07
373 6.14484e-07
374 4.30853e-07
375 2.05261e-07
376 5.2667e-08
377 4.65027e-07
378 2.38353e-07
379 3.6045e-07
380 7.87301e-07
381 1.59948e-07
382 7.28037e-07
383 1.05226e-07
384 1.34425e-07
385 1.77792e-07
386 1.20583e-07
387 3.24329e-07
388 5.63223e-07
389 2.14345e-07
390 1.66977e-07
391 8.84524e-07
392 8.2526e-07
393 7.84922e-07
394 1.87092e-07
395 3.15353e-07
396 9.73312e-10
397 1.10309e-08
398 1.02738e-08
399 7.45124e-08
400 1.32911e-07
401 9.53846e-08
402 2.53061e-08
403 4.51076e-07
404 4.899e-08
405 6.87807e-08
406 6.93214e-08
407 1.33019e-08
408 7.06192e-08
409 6.60771e-08
410 4.2869e-07
411 1.30532e-07
412 1.13553e-08
413 2.10452e-07
414 4.32583e-09
415 1.35182e-08
416 8.87877e-08
417 8.457e-08
418 5.63439e-08
419 1.17338e-07
420 2.24078e-07
421 1.48376e-07
422 1.77359e-07
423 5.32077e-08
424 2.42679e-07
425 1.6503e-07
426 1.20474e-07
427 1.63625e-07
428 1.1312e-07
429 2.62902e-07
430 1.94554e-07
431 2.70581e-07
432 1.17663e-07
433 1.54108e-07
434 3.10487e-07
435 5.03959e-08
436 5.54139e-07
437 1.94771e-07
438 4.78653e-07
439 4.79518e-07
440 4.92712e-07
441 5.50462e-08
442 3.53637e-08
443 2.70364e-08
444 9.73312e-10
445 1.13553e-08
446 2.70364e-09
447 4.02302e-08
448 1.21231e-07
449 4.12035e-08
450 7.4188e-08
451 2.11101e-07
452 6.30274e-07
453 2.63768e-07
454 2.59766e-07
455 5.16937e-08
456 4.66108e-08
457 2.44409e-07
458 1.09227e-08
459 1.29559e-07
460 2.65065e-07
461 1.26963e-07
462 3.84783e-07
463 3.6921e-07
464 2.4787e-07
465 5.14774e-08
466 1.52486e-08
467 8.05686e-08
468 3.16867e-07
469 3.29088e-07
470 2.84423e-07
471 3.20111e-07
472 9.33406e-07
473 2.8464e-07
474 6.95377e-08
475 7.95953e-08
476 2.98374e-07
477 1.10741e-07
478 6.49956e-08
479 5.02878e-08
480 1.98448e-07
481 1.12331e-06
482 1.42385e-06
483 3.16316e-06
484 6.47025e-06
485 1.33443e-05
486 2.37337e-05
487 5.37603e-05
488 0.000110074
489 0.000229536
490 0.000486281
491 0.000987663
492 0.00199297
493 0.00398882
494 0.00791639
495 0.0157709
496 0.0313451
497 0.0628783
498 0.124972
499 0.749109

λ: 0.999452
μ: 0.500151
ρ: 1.9983

średnia liczba zadań w systemie: 
z wzoru ρ/(1-ρ): 	-2.0017
z histogramu: 		498.469

średni czas pobytu w systemie:
zmierzony:	997.579
obliczony:	-2.0028

średni czas oczekiwania w kolejce:
zmierzony:	995.58
obliczony:	-4.0022

P(0): -0.998302
P(1): -1.99491
P(2): -3.98643
P(500): -2.13699e+150

End.
