OMNeT++ Discrete Event Simulation  (C) 1992-2021 Andras Varga, OpenSim Ltd.
Version: 5.7, build: 211004-1d27e5f35e, edition: Academic Public License -- NOT FOR COMMERCIAL USE
See the license for distribution terms and warranty disclaimer

Setting up Cmdenv...

Loading NED files from .:  1

Preparing for running configuration General, run #0...
Assigned runID=General-0-20220328-21:43:08-25663
Setting up network "gg1"...
Initializing...

Running simulation...
** Event #0   t=0   Elapsed: 1.5e-05s (0m 00s)  0% completed  (0% total)
     Speed:     ev/sec=0   simsec/sec=0   ev/simsec=0
     Messages:  created: 2   present: 2   in FES: 1
** Event #6340352   t=3142350.746   Elapsed: 2.00007s (0m 02s)  19% completed  (19% total)
     Speed:     ev/sec=3.17007e+06   simsec/sec=1.57112e+06   ev/simsec=2.01771
     Messages:  created: 3138845   present: 502   in FES: 1
** Event #12681216   t=6281147.383   Elapsed: 4.00008s (0m 04s)  39% completed  (39% total)
     Speed:     ev/sec=3.17042e+06   simsec/sec=1.56939e+06   ev/simsec=2.02016
     Messages:  created: 6278066   present: 502   in FES: 1
** Event #18990080   t=9402726.241   Elapsed: 6.0001s (0m 06s)  59% completed  (59% total)
     Speed:     ev/sec=3.15441e+06   simsec/sec=1.56078e+06   ev/simsec=2.02105
     Messages:  created: 9401582   present: 502   in FES: 1
** Event #25285632   t=12519076.211   Elapsed: 8.0001s (0m 08s)  79% completed  (79% total)
     Speed:     ev/sec=3.14777e+06   simsec/sec=1.55817e+06   ev/simsec=2.02017
     Messages:  created: 12518262   present: 502   in FES: 1
** Event #31619584   t=15654548.596   Elapsed: 10.0001s (0m 10s)  99% completed  (99% total)
     Speed:     ev/sec=3.16697e+06   simsec/sec=1.56773e+06   ev/simsec=2.02009
     Messages:  created: 15653790   present: 502   in FES: 1
** Event #31623168   t=15656334.918   Elapsed: 10.0013s (0m 10s)  100% completed  (100% total)
     Speed:     ev/sec=0   simsec/sec=0   ev/simsec=0
     Messages:  created: 15655568   present: 502   in FES: 2

<!> CPU time limit reached -- at t=15656334.918s, event #31623168

Calling finish() at end of Run #0...
histogram:
0 5.08425e-08
1 5.74213e-08
2 1.18803e-07
3 5.89543e-08
4 1.24679e-07
5 5.02676e-08
6 1.20016e-07
7 3.51937e-08
8 6.24034e-08
9 6.62996e-08
10 3.09781e-08
11 3.67905e-08
12 2.2547e-08
13 1.42052e-07
14 3.7046e-09
15 2.11737e-07
16 2.03114e-08
17 3.09143e-08
18 4.14532e-08
19 1.00216e-07
20 1.06795e-07
21 4.8096e-08
22 4.17726e-08
23 5.3589e-08
24 3.18724e-08
25 1.65941e-07
26 1.15481e-07
27 4.72656e-09
28 2.63155e-08
29 5.81239e-09
30 6.67467e-08
31 1.27745e-09
32 2.93175e-08
33 1.1414e-07
34 2.01198e-07
35 9.61919e-08
36 9.64474e-09
37 1.303e-07
38 1.30364e-07
39 2.4559e-07
40 4.10061e-08
41 1.02515e-07
42 1.0309e-07
43 3.95371e-08
44 4.69463e-08
45 9.68945e-08
46 7.25591e-08
47 8.04793e-09
48 8.14374e-08
49 6.52138e-08
50 5.56968e-08
51 9.90023e-09
52 4.92457e-08
53 1.84847e-07
54 9.07628e-08
55 4.71379e-08
56 7.15372e-09
57 3.42356e-08
58 4.10061e-08
59 1.96088e-08
60 1.31577e-08
61 9.50422e-08
62 8.52697e-08
63 3.88983e-08
64 1.55849e-08
65 5.36529e-08
66 9.26151e-09
67 1.21358e-09
68 2.5038e-08
69 6.13814e-08
70 1.03473e-08
71 6.04872e-08
72 1.6032e-08
73 6.13176e-08
74 3.12336e-08
75 1.83825e-07
76 1.48759e-07
77 7.3134e-08
78 3.81957e-08
79 2.84871e-08
80 6.0615e-08
81 3.67267e-08
82 1.48567e-07
83 7.63915e-08
84 6.70661e-09
85 3.96009e-09
86 2.23554e-07
87 7.01958e-08
88 6.76409e-08
89 7.09623e-08
90 1.19441e-08
91 1.50739e-08
92 2.82955e-08
93 8.8144e-09
94 8.87188e-08
95 2.42077e-08
96 5.97846e-08
97 2.88704e-08
98 2.51019e-08
99 5.39084e-08
100 2.49103e-09
101 3.68544e-08
102 6.42557e-08
103 2.84488e-07
104 2.03945e-07
105 6.89823e-09
106 6.75771e-08
107 1.49462e-08
108 6.43834e-08
109 1.12416e-08
110 3.42356e-07
111 6.76409e-08
112 5.56968e-08
113 1.86508e-08
114 3.41718e-08
115 4.01119e-08
116 4.11339e-08
117 1.78843e-08
118 6.24034e-08
119 1.10499e-08
120 2.63793e-08
121 7.47308e-09
122 7.17288e-08
123 6.82158e-08
124 2.43993e-08
125 5.68465e-08
126 2.39713e-07
127 2.93813e-08
128 6.93655e-08
129 1.09861e-07
130 8.94214e-10
131 6.51499e-09
132 6.22756e-08
133 1.16248e-07
134 7.15372e-08
135 6.45112e-09
136 2.2828e-07
137 2.39458e-07
138 1.34452e-07
139 4.107e-08
140 4.84792e-08
141 5.92736e-08
142 3.83235e-08
143 8.58446e-08
144 1.27745e-09
145 2.5549e-09
146 3.72376e-08
147 2.12057e-08
148 2.48592e-07
149 8.17567e-09
150 2.84232e-08
151 2.24192e-08
152 4.19003e-08
153 8.04793e-09
154 7.45392e-08
155 2.44632e-08
156 1.35665e-07
157 3.41718e-08
158 1.59937e-07
159 4.21558e-09
160 1.55849e-08
161 7.53056e-08
162 5.32058e-08
163 5.33974e-08
164 1.27937e-07
165 1.96727e-08
166 4.54133e-08
167 4.73295e-08
168 1.58787e-07
169 6.32337e-09
170 1.62236e-07
171 5.48026e-08
172 5.5569e-09
173 1.69198e-07
174 2.07585e-08
175 2.4527e-08
176 5.74852e-10
177 7.03236e-08
178 1.17972e-07
179 9.00602e-09
180 6.65551e-08
181 8.04793e-08
182 1.17589e-07
183 2.18444e-08
184 1.96727e-08
185 1.29022e-08
186 3.23833e-08
187 5.63994e-08
188 5.14173e-08
189 1.27745e-09
190 1.1497e-08
191 1.12799e-07
192 2.95091e-08
193 3.19362e-10
194 1.00918e-08
195 7.23675e-08
196 5.38445e-08
197 2.01198e-08
198 7.77328e-08
199 8.48865e-08
200 2.17166e-08
201 2.09182e-07
202 3.62796e-08
203 1.82675e-08
204 9.0124e-08
205 5.48026e-08
206 3.21917e-08
207 5.72936e-08
208 1.44607e-07
209 5.42277e-08
210 6.5086e-08
211 1.60959e-08
212 1.41925e-07
213 1.94939e-07
214 7.28146e-08
215 3.78764e-08
216 3.8068e-08
217 1.19633e-07
218 2.45462e-07
219 7.67747e-08
220 7.92018e-09
221 2.2547e-08
222 9.30622e-08
223 1.0737e-07
224 3.39163e-08
225 3.22556e-08
226 7.18565e-08
227 1.35984e-07
228 1.83314e-08
229 5.56329e-08
230 2.4016e-08
231 1.36368e-07
232 2.14867e-07
233 7.53056e-08
234 5.67187e-08
235 8.25232e-08
236 6.88545e-08
237 4.44552e-08
238 4.86708e-08
239 1.99601e-07
240 1.67346e-08
241 6.59802e-08
242 3.2064e-08
243 3.51937e-08
244 6.15731e-08
245 5.95291e-08
246 4.11339e-08
247 1.21358e-09
248 4.0559e-08
249 2.29302e-08
250 8.04154e-08
251 6.89184e-08
252 2.17166e-08
253 2.19083e-08
254 3.09143e-08
255 6.14453e-08
256 8.83356e-08
257 3.57686e-08
258 1.34579e-07
259 9.32538e-09
260 6.9621e-09
261 2.26109e-08
262 6.19563e-09
263 5.39084e-08
264 2.79123e-08
265 5.7102e-08
266 5.12896e-08
267 5.45471e-08
268 2.17166e-09
269 6.76409e-08
270 2.21829e-07
271 6.74493e-08
272 2.47186e-08
273 3.60879e-08
274 1.59681e-08
275 1.44927e-07
276 9.70861e-09
277 2.92536e-08
278 6.51499e-09
279 3.6535e-08
280 2.64304e-07
281 1.42116e-07
282 1.92895e-08
283 1.04815e-07
284 4.91818e-08
285 7.77328e-08
286 3.79402e-08
287 6.77048e-09
288 6.70661e-09
289 1.60895e-07
290 2.77206e-08
291 8.00322e-08
292 4.04313e-08
293 4.32097e-07
294 1.17525e-07
295 1.03473e-08
296 1.501e-07
297 1.29406e-07
298 2.42715e-09
299 1.13054e-08
300 4.53494e-08
301 6.10621e-08
302 1.16887e-08
303 8.43116e-09
304 9.64474e-08
305 1.20336e-07
306 1.27873e-07
307 1.05198e-07
308 3.38524e-08
309 5.37806e-08
310 9.64474e-09
311 3.34053e-08
312 2.17166e-09
313 4.59882e-09
314 2.58683e-07
315 7.63276e-08
316 2.98284e-08
317 3.8579e-08
318 3.48105e-08
319 8.17567e-08
320 3.32137e-09
321 1.28575e-07
322 2.9062e-08
323 2.36967e-07
324 1.08583e-09
325 1.23721e-07
326 1.67346e-08
327 7.6647e-10
328 9.24873e-08
329 2.84871e-08
330 1.84272e-07
331 8.3609e-08
332 8.85272e-08
333 1.2008e-08
334 2.65071e-08
335 4.70101e-08
336 4.29223e-08
337 3.57686e-09
338 2.64432e-08
339 1.42436e-08
340 1.26467e-08
341 1.21358e-09
342 1.2008e-08
343 1.00791e-07
344 3.97925e-08
345 1.62236e-08
346 1.32599e-07
347 2.70819e-08
348 1.84272e-07
349 1.68112e-07
350 5.98485e-08
351 7.78605e-08
352 5.79962e-08
353 2.04392e-09
354 9.77887e-08
355 1.1497e-08
356 4.42636e-08
357 6.20202e-08
358 3.32137e-09
359 5.49942e-08
360 7.67108e-08
361 1.73733e-08
362 3.11634e-07
363 1.73797e-07
364 1.98643e-08
365 6.08066e-08
366 7.2623e-08
367 4.89902e-08
368 1.27553e-07
369 5.69104e-08
370 8.87827e-08
371 8.36729e-08
372 2.13206e-07
373 2.38883e-08
374 5.16089e-08
375 3.24472e-08
376 1.52655e-08
377 1.50739e-08
378 1.60959e-08
379 1.31577e-08
380 1.57765e-08
381 1.84528e-07
382 5.38445e-08
383 8.59085e-08
384 3.84512e-08
385 4.305e-08
386 2.24448e-07
387 1.64791e-08
388 7.28785e-08
389 1.87785e-08
390 5.68465e-09
391 3.83235e-09
392 3.7046e-09
393 3.64073e-08
394 4.27307e-08
395 2.38883e-08
396 1.35984e-07
397 7.6136e-08
398 2.3933e-07
399 3.02755e-08
400 6.13814e-08
401 1.26467e-08
402 4.99483e-08
403 1.59681e-09
404 1.23146e-07
405 4.47107e-09
406 8.69943e-08
407 7.26869e-08
408 4.1581e-08
409 3.86428e-08
410 7.21759e-08
411 4.91179e-08
412 5.96569e-08
413 1.4499e-07
414 8.00961e-08
415 2.96368e-07
416 4.04951e-08
417 1.55849e-08
418 3.88983e-08
419 6.94932e-08
420 1.51314e-07
421 1.9545e-08
422 9.45312e-09
423 1.34132e-09
424 1.66068e-08
425 9.06989e-08
426 1.36304e-07
427 2.46548e-08
428 1.49973e-07
429 3.09143e-08
430 6.62996e-08
431 5.67187e-08
432 2.51019e-08
433 1.13565e-07
434 4.68185e-08
435 6.33615e-08
437 1.31641e-07
438 2.38883e-08
439 2.04392e-08
440 3.53853e-08
441 1.02196e-07
442 1.38348e-07
443 1.30939e-08
444 7.27507e-08
445 1.95003e-07
446 3.88983e-08
447 7.42837e-08
448 4.22197e-08
449 1.5521e-08
450 9.93217e-08
451 1.88041e-07
452 1.66707e-08
453 8.38645e-08
454 1.35601e-07
455 1.87146e-08
456 2.4016e-08
457 1.53294e-08
458 2.01645e-07
459 4.66269e-08
460 4.07506e-08
461 1.66068e-09
462 7.93935e-08
463 1.48823e-08
464 1.06667e-08
465 3.53215e-08
466 8.37368e-08
467 2.99562e-08
468 6.63635e-08
469 3.97925e-08
470 1.54571e-08
471 2.07585e-08
472 1.31577e-08
473 5.64633e-08
474 1.05262e-07
475 1.27362e-07
476 8.78246e-08
477 7.98406e-09
478 7.17288e-08
479 4.6563e-08
480 2.06947e-08
481 9.06989e-09
482 1.22635e-08
483 8.0607e-08
484 7.78605e-08
485 3.21917e-08
486 3.97287e-08
487 5.32058e-08
488 1.17206e-07
489 1.29022e-08
490 1.46268e-08
491 9.9641e-09
492 1.1497e-08
493 4.27945e-08
494 8.49504e-09
495 2.804e-08
496 8.17567e-08
497 1.16663e-06
498 9.78244e-05
499 0.999869

λ: 0.999951
μ: 0.00996522
ρ: 100.344

średnia liczba zadań w systemie: 
z wzoru ρ/(1-ρ): 	-1.01007
z histogramu: 		498.992

średni czas pobytu w systemie:
zmierzony:	50099.6
obliczony:	-1.01012

średni czas oczekiwania w kolejce:
zmierzony:	49999.2
obliczony:	-101.359

P(0): -99.344
P(1): -9968.58
P(2): -1.00029e+06
P(500): -inf

End.
