OMNeT++ Discrete Event Simulation  (C) 1992-2021 Andras Varga, OpenSim Ltd.
Version: 5.7, build: 211004-1d27e5f35e, edition: Academic Public License -- NOT FOR COMMERCIAL USE
See the license for distribution terms and warranty disclaimer

Setting up Cmdenv...

Loading NED files from .:  1

Preparing for running configuration General, run #0...
Assigned runID=General-0-20220328-22:45:17-34824
Setting up network "gg1"...
Initializing...

Running simulation...
** Event #0   t=0   Elapsed: 3e-05s (0m 00s)  0% completed  (0% total)
     Speed:     ev/sec=0   simsec/sec=0   ev/simsec=0
     Messages:  created: 2   present: 2   in FES: 1
** Event #6767616   t=2256157   Elapsed: 2.00007s (0m 02s)  19% completed  (19% total)
     Speed:     ev/sec=3.38372e+06   simsec/sec=1.12805e+06   ev/simsec=2.99962
     Messages:  created: 2256159   present: 502   in FES: 1
** Event #13617664   t=4540650   Elapsed: 4.0001s (0m 04s)  39% completed  (39% total)
     Speed:     ev/sec=3.42497e+06   simsec/sec=1.14223e+06   ev/simsec=2.9985
     Messages:  created: 4540652   present: 502   in FES: 1
** Event #20282112   t=6762949   Elapsed: 6.00017s (0m 06s)  59% completed  (59% total)
     Speed:     ev/sec=3.33212e+06   simsec/sec=1.11112e+06   ev/simsec=2.9989
     Messages:  created: 6762951   present: 502   in FES: 1
** Event #26938112   t=8982221.262   Elapsed: 8.00029s (0m 08s)  79% completed  (79% total)
     Speed:     ev/sec=3.32779e+06   simsec/sec=1.10957e+06   ev/simsec=2.99918
     Messages:  created: 8982223   present: 500   in FES: 1
** Event #33622272   t=11210355.364   Elapsed: 10.0003s (0m 10s)  99% completed  (99% total)
     Speed:     ev/sec=3.34198e+06   simsec/sec=1.11404e+06   ev/simsec=2.99989
     Messages:  created: 11210357   present: 501   in FES: 1
** Event #33628160   t=11212316   Elapsed: 10.0022s (0m 10s)  100% completed  (100% total)
     Speed:     ev/sec=0   simsec/sec=0   ev/simsec=0
     Messages:  created: 11212318   present: 502   in FES: 2

<!> CPU time limit reached -- at t=11212316s, event #33628160

Calling finish() at end of Run #0...
histogram:
0 8.91876e-08
1 1.25576e-07
2 1.9648e-07
3 1.32711e-07
4 1.69546e-07
5 8.91876e-08
6 1.23079e-07
7 1.9211e-07
8 1.30749e-07
9 8.91876e-08
10 1.50549e-07
11 2.06202e-07
12 8.91876e-08
13 1.33425e-07
14 2.44998e-07
15 2.23593e-07
16 3.79047e-07
17 8.91876e-08
18 1.58397e-07
19 1.8881e-07
20 9.87307e-08
21 8.91876e-08
22 8.91876e-08
23 2.17618e-07
24 3.17508e-07
25 9.85523e-08
26 1.69011e-07
27 8.91876e-08
28 1.79891e-07
29 3.0957e-07
30 2.24039e-07
31 8.91876e-08
32 8.91876e-08
33 9.57875e-08
34 2.37507e-07
35 3.81366e-07
36 3.07162e-07
37 1.98442e-07
38 1.17549e-07
39 8.91876e-08
40 8.91876e-08
41 8.91876e-08
42 1.23257e-07
43 1.5037e-07
44 2.0531e-07
45 1.45376e-07
46 8.91876e-08
47 1.77216e-07
48 9.03471e-08
49 8.91876e-08
50 1.69902e-07
51 9.76605e-08
52 8.91876e-08
53 8.91876e-08
54 8.91876e-08
55 8.91876e-08
56 1.08363e-07
57 2.42323e-07
58 9.52524e-08
59 1.53581e-07
60 1.13982e-07
61 1.56078e-07
62 2.70774e-07
63 1.08274e-07
64 1.7677e-07
65 2.2288e-07
66 1.96034e-07
67 2.30015e-07
68 3.24019e-07
69 9.89091e-08
70 8.91876e-08
71 8.91876e-08
72 1.11574e-07
73 1.85154e-07
74 4.03039e-07
75 4.11601e-07
76 4.69484e-07
77 7.07704e-07
78 2.97887e-07
79 8.91876e-08
80 8.91876e-08
81 8.91876e-08
82 1.6794e-07
83 9.96226e-08
84 8.91876e-08
85 1.09255e-07
86 1.58308e-07
87 3.14297e-07
88 2.87809e-07
89 1.11395e-07
90 8.91876e-08
91 1.40114e-07
92 2.65422e-07
93 1.97015e-07
94 1.10949e-07
95 8.91876e-08
96 8.91876e-08
97 1.26914e-07
98 1.60716e-07
99 2.63014e-07
100 4.26852e-07
101 6.8505e-07
102 3.74856e-07
103 1.03101e-07
104 8.91876e-08
105 8.91876e-08
106 8.91876e-08
107 8.91876e-08
108 8.91876e-08
109 8.91876e-08
110 1.72578e-07
111 9.49848e-08
112 8.91876e-08
113 8.91876e-08
114 1.18976e-07
115 3.17776e-07
116 3.42124e-07
117 1.13001e-07
118 8.91876e-08
119 8.91876e-08
120 8.91876e-08
121 8.91876e-08
122 8.91876e-08
123 8.91876e-08
124 8.91876e-08
125 1.48141e-07
126 2.64709e-07
127 8.10091e-07
128 4.57087e-07
129 2.83528e-07
130 1.76948e-07
131 8.91876e-08
132 8.91876e-08
133 8.91876e-08
134 2.41699e-07
135 1.83905e-07
136 2.30282e-07
137 2.61052e-07
138 1.53314e-07
139 1.31819e-07
140 2.44553e-07
141 1.58754e-07
142 8.91876e-08
143 8.91876e-08
144 8.91876e-08
145 8.91876e-08
146 1.6687e-07
147 1.00693e-07
148 8.91876e-08
149 8.91876e-08
150 8.91876e-08
151 8.91876e-08
152 1.22455e-07
153 1.45108e-07
154 8.91876e-08
155 1.03636e-07
156 2.86025e-07
157 1.45465e-07
158 8.91876e-08
159 8.91876e-08
160 8.91876e-08
161 8.91876e-08
162 1.757e-07
163 5.84001e-07
164 2.29212e-07
165 1.70527e-07
166 8.91876e-08
167 8.91876e-08
168 2.62658e-07
169 5.22461e-07
170 1.95945e-07
171 8.91876e-08
172 1.88899e-07
173 1.67851e-07
174 8.91876e-08
175 2.0308e-07
176 2.47496e-07
177 2.6899e-07
178 1.72311e-07
179 8.91876e-08
180 1.7124e-07
181 3.34543e-07
182 1.1853e-07
183 8.91876e-08
184 1.34049e-07
185 1.95945e-07
186 1.15944e-07
187 8.91876e-08
188 1.74273e-07
189 2.45444e-07
190 1.15409e-07
191 1.60181e-07
192 3.05735e-07
193 2.47585e-07
194 1.44127e-07
195 2.51063e-07
196 1.41006e-07
197 1.77305e-07
198 2.98957e-07
199 6.31092e-07
200 5.01324e-07
201 3.56037e-07
202 1.74719e-07
203 1.85956e-07
204 1.70794e-07
205 8.91876e-08
206 8.91876e-08
207 8.91876e-08
208 1.4377e-07
209 3.02168e-07
210 1.44662e-07
211 2.92714e-07
212 1.86937e-07
213 8.91876e-08
214 8.91876e-08
215 1.4056e-07
216 2.35277e-07
217 2.34296e-07
218 1.03368e-07
219 8.91876e-08
220 1.68832e-07
221 9.87307e-08
222 8.91876e-08
223 8.91876e-08
224 8.91876e-08
225 1.59467e-07
226 1.94072e-07
227 2.70774e-07
228 8.91876e-08
229 1.23436e-07
230 1.44127e-07
231 8.91876e-08
232 8.91876e-08
233 8.91876e-08
234 8.91876e-08
235 8.91876e-08
236 1.86045e-07
237 2.86114e-07
238 1.90237e-07
239 1.40292e-07
240 9.53416e-08
241 3.50061e-07
242 1.55989e-07
243 1.12109e-07
244 8.91876e-08
245 2.65601e-07
246 2.69525e-07
247 8.91876e-08
248 1.02298e-07
249 1.65265e-07
250 8.91876e-08
251 8.91876e-08
252 8.91876e-08
253 8.91876e-08
254 1.26468e-07
255 1.46357e-07
256 1.98353e-07
257 1.53135e-07
258 1.5153e-07
259 1.77929e-07
260 2.61587e-07
261 1.22455e-07
262 8.91876e-08
263 8.91876e-08
264 8.91876e-08
265 1.9871e-07
266 3.58267e-07
267 3.49348e-07
268 3.89661e-07
269 3.36327e-07
270 3.76907e-07
271 1.31284e-07
272 2.4482e-07
273 3.21165e-07
274 4.67343e-07
275 4.18201e-07
276 2.43036e-07
277 8.91876e-08
278 8.91876e-08
279 8.91876e-08
280 8.91876e-08
281 1.18798e-07
282 3.09303e-07
283 2.854e-07
284 2.3385e-07
285 3.24019e-07
286 1.55632e-07
287 8.91876e-08
288 8.91876e-08
289 8.91876e-08
290 8.91876e-08
291 1.27806e-07
292 1.39757e-07
293 8.91876e-08
294 1.23079e-07
295 2.32155e-07
296 9.94442e-08
297 2.65333e-07
298 2.47585e-07
299 2.75322e-07
300 9.48956e-08
301 1.85778e-07
302 1.8007e-07
303 2.4375e-07
304 1.03904e-07
305 8.91876e-08
306 8.91876e-08
307 8.91876e-08
308 8.91876e-08
309 8.91876e-08
310 8.91876e-08
311 8.91876e-08
312 8.91876e-08
313 8.91876e-08
314 8.91876e-08
315 1.16301e-07
316 1.51262e-07
317 1.16033e-07
318 2.07272e-07
319 1.22633e-07
320 8.91876e-08
321 1.42789e-07
322 1.49122e-07
323 3.84934e-07
324 3.46137e-07
325 2.25645e-07
326 8.91876e-08
327 1.22009e-07
328 1.45554e-07
329 8.91876e-08
330 1.21652e-07
331 2.14407e-07
332 2.00672e-07
333 4.71624e-07
334 1.51084e-07
335 8.91876e-08
336 8.91876e-08
337 8.91876e-08
338 1.48765e-07
339 1.89702e-07
340 4.08747e-07
341 1.87651e-07
342 1.35387e-07
343 1.60003e-07
344 1.96748e-07
345 8.91876e-08
346 8.91876e-08
347 8.91876e-08
348 8.91876e-08
349 1.79267e-07
350 2.27964e-07
351 1.90772e-07
352 3.3374e-07
353 1.38508e-07
354 8.91876e-08
355 8.91876e-08
356 1.25487e-07
357 3.00295e-07
358 3.00116e-07
359 5.92295e-07
360 4.7867e-07
361 2.39201e-07
362 1.93626e-07
363 8.91876e-08
364 8.91876e-08
365 8.91876e-08
366 1.53581e-07
367 1.13982e-07
368 8.91876e-08
369 8.91876e-08
370 1.30036e-07
371 1.89613e-07
372 1.62946e-07
373 2.60339e-07
374 3.19649e-07
375 3.82526e-07
376 2.52223e-07
377 1.7561e-07
378 8.91876e-08
379 8.91876e-08
380 8.91876e-08
381 8.91876e-08
382 8.91876e-08
383 8.91876e-08
384 8.91876e-08
385 1.77127e-07
386 9.04363e-08
387 8.91876e-08
388 8.91876e-08
389 2.21275e-07
390 2.24664e-07
391 1.74273e-07
392 1.82478e-07
393 8.91876e-08
394 1.08452e-07
395 1.97729e-07
396 1.39757e-07
397 1.47516e-07
398 1.23079e-07
399 1.75343e-07
400 8.91876e-08
401 8.91876e-08
402 1.54651e-07
403 2.51598e-07
404 3.48991e-07
405 4.01701e-07
406 9.16849e-08
407 1.78197e-07
408 1.78554e-07
409 1.54027e-07
410 2.84241e-07
411 9.68578e-08
412 8.91876e-08
413 9.68578e-08
414 4.04109e-07
415 2.74163e-07
416 3.37218e-07
417 2.79336e-07
418 1.44127e-07
419 1.58754e-07
420 8.91876e-08
421 8.91876e-08
422 8.91876e-08
423 8.91876e-08
424 8.91876e-08
425 3.39716e-07
426 3.51488e-07
427 1.87205e-07
428 2.01921e-07
429 1.68297e-07
430 2.44107e-07
431 2.08788e-07
432 2.1958e-07
433 1.90148e-07
434 1.18441e-07
435 8.91876e-08
436 1.0096e-07
437 1.66603e-07
438 1.44841e-07
439 1.22722e-07
440 8.91876e-08
441 8.91876e-08
442 8.91876e-08
443 8.91876e-08
444 8.91876e-08
445 8.91876e-08
446 2.12267e-07
447 3.40162e-07
448 1.61073e-07
449 2.22523e-07
450 1.96302e-07
451 3.21521e-07
452 1.5153e-07
453 9.88199e-08
454 2.47139e-07
455 9.99793e-08
456 8.91876e-08
457 1.65621e-07
458 2.24039e-07
459 2.70595e-07
460 1.42433e-07
461 1.11752e-07
462 2.9753e-07
463 1.97461e-07
464 1.49568e-07
465 3.68702e-07
466 1.23614e-07
467 1.77216e-07
468 9.03471e-08
469 1.10949e-07
470 2.15031e-07
471 2.06113e-07
472 9.222e-08
473 8.91876e-08
474 8.91876e-08
475 8.91876e-08
476 2.23147e-07
477 2.07272e-07
478 2.82636e-07
479 1.25398e-07
480 1.42611e-07
481 8.91876e-08
482 8.91876e-08
483 8.91876e-08
484 2.23237e-07
485 1.66157e-07
486 1.45733e-07
487 1.16122e-07
488 6.6097e-07
489 2.23897e-06
490 4.1969e-06
491 1.03909e-05
492 3.79691e-05
493 0.000142309
494 0.000511476
495 0.0017849
496 0.00627302
497 0.0217548
498 0.0753666
499 0.894027

λ: 1
μ: 0.499608
ρ: 2.00157

średnia liczba zadań w systemie: 
z wzoru ρ/(1-ρ): 	-1.99843
z histogramu: 		498.83

średni czas pobytu w systemie:
zmierzony:	999.695
obliczony:	-1.99843

średni czas oczekiwania w kolejce:
zmierzony:	997.693
obliczony:	-4

prawdopodobieństwo utraty pakietu: 0.500392

P(0): -1.00157
P(1): -2.00471
P(2): -4.01257
P(500): -4.85262e+150

End.
