OMNeT++ Discrete Event Simulation  (C) 1992-2021 Andras Varga, OpenSim Ltd.
Version: 5.7, build: 211004-1d27e5f35e, edition: Academic Public License -- NOT FOR COMMERCIAL USE
See the license for distribution terms and warranty disclaimer

Setting up Cmdenv...

Loading NED files from .:  1

Preparing for running configuration General, run #0...
Assigned runID=General-0-20220328-22:45:57-34942
Setting up network "gg1"...
Initializing...

Running simulation...
** Event #0   t=0   Elapsed: 9e-06s (0m 00s)  0% completed  (0% total)
     Speed:     ev/sec=0   simsec/sec=0   ev/simsec=0
     Messages:  created: 2   present: 2   in FES: 1
** Event #6905344   t=3418161   Elapsed: 2.00005s (0m 02s)  19% completed  (19% total)
     Speed:     ev/sec=3.45261e+06   simsec/sec=1.70905e+06   ev/simsec=2.02019
     Messages:  created: 3418163   present: 502   in FES: 1
** Event #14137344   t=6998225   Elapsed: 4.00008s (0m 04s)  39% completed  (39% total)
     Speed:     ev/sec=3.61594e+06   simsec/sec=1.79e+06   ev/simsec=2.02008
     Messages:  created: 6998227   present: 502   in FES: 1
** Event #21311488   t=10549793   Elapsed: 6.00013s (0m 06s)  59% completed  (59% total)
     Speed:     ev/sec=3.58697e+06   simsec/sec=1.77573e+06   ev/simsec=2.01999
     Messages:  created: 10549795   present: 502   in FES: 1
** Event #28363008   t=14040496   Elapsed: 8.00014s (0m 08s)  79% completed  (79% total)
     Speed:     ev/sec=3.52576e+06   simsec/sec=1.74535e+06   ev/simsec=2.02009
     Messages:  created: 14040498   present: 502   in FES: 1
** Event #35429632   t=17538914   Elapsed: 10.0002s (0m 10s)  99% completed  (99% total)
     Speed:     ev/sec=3.53327e+06   simsec/sec=1.74919e+06   ev/simsec=2.01995
     Messages:  created: 17538916   present: 502   in FES: 1
** Event #35431424   t=17539796   Elapsed: 10.0008s (0m 10s)  100% completed  (100% total)
     Speed:     ev/sec=0   simsec/sec=0   ev/simsec=0
     Messages:  created: 17539798   present: 502   in FES: 2

<!> CPU time limit reached -- at t=17539796s, event #35431424

Calling finish() at end of Run #0...
histogram:
0 5.70134e-08
1 5.70134e-08
2 5.70134e-08
3 5.70134e-08
4 5.70134e-08
5 5.70134e-08
6 5.70134e-08
7 5.70134e-08
8 5.70134e-08
9 5.70134e-08
10 5.70134e-08
11 5.70134e-08
12 5.70134e-08
13 5.70134e-08
14 5.70134e-08
15 5.70134e-08
16 5.70134e-08
17 5.70134e-08
18 5.70134e-08
19 5.70134e-08
20 5.70134e-08
21 5.70134e-08
22 5.70134e-08
23 5.70134e-08
24 5.70134e-08
25 5.70134e-08
26 5.70134e-08
27 5.70134e-08
28 5.70134e-08
29 5.70134e-08
30 5.70134e-08
31 5.70134e-08
32 5.70134e-08
33 5.70134e-08
34 5.70134e-08
35 5.70134e-08
36 5.70134e-08
37 5.70134e-08
38 5.70134e-08
39 5.70134e-08
40 5.70134e-08
41 5.70134e-08
42 5.70134e-08
43 5.70134e-08
44 5.70134e-08
45 5.70134e-08
46 5.70134e-08
47 5.70134e-08
48 5.70134e-08
49 5.70134e-08
50 5.70134e-08
51 5.70134e-08
52 5.70134e-08
53 5.70134e-08
54 5.70134e-08
55 5.70134e-08
56 5.70134e-08
57 5.70134e-08
58 5.70134e-08
59 5.70134e-08
60 5.70134e-08
61 5.70134e-08
62 5.70134e-08
63 5.70134e-08
64 5.70134e-08
65 5.70134e-08
66 5.70134e-08
67 5.70134e-08
68 5.70134e-08
69 5.70134e-08
70 5.70134e-08
71 5.70134e-08
72 5.70134e-08
73 5.70134e-08
74 5.70134e-08
75 5.70134e-08
76 5.70134e-08
77 5.70134e-08
78 5.70134e-08
79 8.05599e-08
80 9.04802e-08
81 5.70134e-08
82 5.70134e-08
83 5.70134e-08
84 5.70134e-08
85 5.70134e-08
86 5.70134e-08
87 5.70134e-08
88 5.70134e-08
89 5.70134e-08
90 5.70134e-08
91 5.70134e-08
92 5.70134e-08
93 5.70134e-08
94 5.70134e-08
95 5.70134e-08
96 5.70134e-08
97 5.70134e-08
98 5.70134e-08
99 5.70134e-08
100 5.70134e-08
101 5.70134e-08
102 5.70134e-08
103 5.70134e-08
104 5.70134e-08
105 5.70134e-08
106 5.70134e-08
107 5.70134e-08
108 5.70134e-08
109 5.70134e-08
110 5.70134e-08
111 5.70134e-08
112 5.70134e-08
113 5.70134e-08
114 5.70134e-08
115 5.70134e-08
116 5.70134e-08
117 5.70134e-08
118 5.70134e-08
119 5.70134e-08
120 5.70134e-08
121 5.70134e-08
122 5.70134e-08
123 5.70134e-08
124 5.70134e-08
125 5.70134e-08
126 5.70134e-08
127 5.70134e-08
128 5.70134e-08
129 5.70134e-08
130 5.70134e-08
131 5.70134e-08
132 5.70134e-08
133 5.70134e-08
134 5.70134e-08
135 5.70134e-08
136 5.70134e-08
137 5.70134e-08
138 5.70134e-08
139 5.70134e-08
140 5.70134e-08
141 5.70134e-08
142 5.70134e-08
143 5.70134e-08
144 5.70134e-08
145 5.70134e-08
146 5.70134e-08
147 5.70134e-08
148 5.70134e-08
149 5.70134e-08
150 5.70134e-08
151 5.70134e-08
152 5.70134e-08
153 5.70134e-08
154 5.70134e-08
155 5.70134e-08
156 5.70134e-08
157 5.70134e-08
158 5.70134e-08
159 5.70134e-08
160 5.70134e-08
161 5.70134e-08
162 5.70134e-08
163 5.70134e-08
164 5.70134e-08
165 5.70134e-08
166 5.70134e-08
167 5.70134e-08
168 8.87698e-08
169 8.22703e-08
170 5.70134e-08
171 5.70134e-08
172 5.70134e-08
173 5.70134e-08
174 5.70134e-08
175 5.70134e-08
176 5.70134e-08
177 5.70134e-08
178 5.70134e-08
179 5.70134e-08
180 5.70134e-08
181 5.70134e-08
182 5.70134e-08
183 5.70134e-08
184 5.70134e-08
185 5.70134e-08
186 5.70134e-08
187 5.70134e-08
188 5.70134e-08
189 5.70134e-08
190 5.70134e-08
191 5.70134e-08
192 5.70134e-08
193 5.70134e-08
194 5.70134e-08
195 5.70134e-08
196 5.70134e-08
197 5.70134e-08
198 5.70134e-08
199 5.70134e-08
200 5.70134e-08
201 5.70134e-08
202 5.70134e-08
203 5.70134e-08
204 5.70134e-08
205 5.70134e-08
206 5.70134e-08
207 5.70134e-08
208 5.70134e-08
209 5.70134e-08
210 5.70134e-08
211 5.70134e-08
212 5.70134e-08
213 5.70134e-08
214 5.70134e-08
215 5.70134e-08
216 5.70134e-08
217 5.70134e-08
218 5.70134e-08
219 5.70134e-08
220 5.70134e-08
221 5.70134e-08
222 5.70134e-08
223 5.70134e-08
224 5.70134e-08
225 5.70134e-08
226 5.70134e-08
227 5.70134e-08
228 5.70134e-08
229 5.70134e-08
230 5.70134e-08
231 5.70134e-08
232 5.70134e-08
233 5.70134e-08
234 5.70134e-08
235 5.70134e-08
236 5.70134e-08
237 5.70134e-08
238 5.70134e-08
239 5.70134e-08
240 5.70134e-08
241 5.70134e-08
242 5.70134e-08
243 5.70134e-08
244 5.70134e-08
245 5.70134e-08
246 5.70134e-08
247 5.70134e-08
248 5.70134e-08
249 5.70134e-08
250 5.70134e-08
251 5.70134e-08
252 5.70134e-08
253 5.70134e-08
254 5.70134e-08
255 5.70134e-08
256 5.70134e-08
257 5.70134e-08
258 5.70134e-08
259 5.70134e-08
260 5.70134e-08
261 5.70134e-08
262 5.70134e-08
263 5.70134e-08
264 5.70134e-08
265 5.70134e-08
266 5.70134e-08
267 5.70134e-08
268 5.70134e-08
269 5.70134e-08
270 5.70134e-08
271 5.70134e-08
272 5.70134e-08
273 5.70134e-08
274 5.70134e-08
275 5.70134e-08
276 5.70134e-08
277 5.70134e-08
278 5.70134e-08
279 5.70134e-08
280 5.70134e-08
281 5.70134e-08
282 5.70134e-08
283 5.70134e-08
284 5.70134e-08
285 5.70134e-08
286 5.70134e-08
287 5.70134e-08
288 5.70134e-08
289 5.70134e-08
290 5.70134e-08
291 5.70134e-08
292 5.70134e-08
293 1.11974e-07
294 5.90659e-08
295 5.70134e-08
296 5.70134e-08
297 5.70134e-08
298 5.70134e-08
299 5.70134e-08
300 5.70134e-08
301 5.70134e-08
302 5.70134e-08
303 5.70134e-08
304 5.70134e-08
305 5.70134e-08
306 5.70134e-08
307 5.70134e-08
308 5.70134e-08
309 5.70134e-08
310 5.70134e-08
311 5.70134e-08
312 5.70134e-08
313 5.70134e-08
314 5.70134e-08
315 5.70134e-08
316 5.70134e-08
317 5.70134e-08
318 5.70134e-08
319 5.70134e-08
320 5.70134e-08
321 5.70134e-08
322 5.70134e-08
323 5.70134e-08
324 5.70134e-08
325 5.70134e-08
326 5.70134e-08
327 5.70134e-08
328 5.70134e-08
329 5.70134e-08
330 5.70134e-08
331 5.70134e-08
332 5.70134e-08
333 5.70134e-08
334 5.70134e-08
335 5.70134e-08
336 5.70134e-08
337 5.70134e-08
338 5.70134e-08
339 5.70134e-08
340 5.70134e-08
341 5.70134e-08
342 5.70134e-08
343 5.70134e-08
344 5.70134e-08
345 5.70134e-08
346 5.70134e-08
347 5.70134e-08
348 5.70134e-08
349 5.70134e-08
350 5.70134e-08
351 5.70134e-08
352 5.70134e-08
353 5.70134e-08
354 5.70134e-08
355 5.70134e-08
356 5.70134e-08
357 5.70134e-08
358 5.70134e-08
359 5.70134e-08
360 5.70134e-08
361 5.70134e-08
362 5.70134e-08
363 5.70134e-08
364 5.70134e-08
365 5.70134e-08
366 5.70134e-08
367 5.70134e-08
368 5.70134e-08
369 5.70134e-08
370 5.70134e-08
371 5.70134e-08
372 5.70134e-08
373 5.70134e-08
374 5.70134e-08
375 5.70134e-08
376 5.70134e-08
377 5.70134e-08
378 5.70134e-08
379 5.70134e-08
380 5.70134e-08
381 5.70134e-08
382 5.70134e-08
383 5.70134e-08
384 5.70134e-08
385 5.70134e-08
386 5.70134e-08
387 5.70134e-08
388 5.70134e-08
389 5.70134e-08
390 5.70134e-08
391 5.70134e-08
392 5.70134e-08
393 5.70134e-08
394 5.70134e-08
395 5.70134e-08
396 5.70134e-08
397 5.70134e-08
398 5.70134e-08
399 5.70134e-08
400 5.70134e-08
401 5.70134e-08
402 5.70134e-08
403 5.70134e-08
404 5.70134e-08
405 5.70134e-08
406 5.70134e-08
407 5.70134e-08
408 5.70134e-08
409 5.70134e-08
410 5.70134e-08
411 5.70134e-08
412 5.70134e-08
413 5.70134e-08
414 5.70134e-08
415 5.70134e-08
416 5.70134e-08
417 5.70134e-08
418 5.70134e-08
419 5.70134e-08
420 5.70134e-08
421 5.70134e-08
422 5.70134e-08
423 5.70134e-08
424 5.70134e-08
425 5.70134e-08
426 5.70134e-08
427 5.70134e-08
428 5.70134e-08
429 5.70134e-08
430 5.70134e-08
431 5.70134e-08
432 5.70134e-08
433 5.70134e-08
434 5.70134e-08
435 5.70134e-08
436 5.70134e-08
437 5.70134e-08
438 5.70134e-08
439 5.70134e-08
440 5.70134e-08
441 5.70134e-08
442 5.70134e-08
443 5.70134e-08
444 5.70134e-08
445 5.70134e-08
446 5.70134e-08
447 5.70134e-08
448 5.70134e-08
449 5.70134e-08
450 5.70134e-08
451 5.70134e-08
452 5.70134e-08
453 5.70134e-08
454 5.70134e-08
455 5.70134e-08
456 5.70134e-08
457 5.70134e-08
458 5.70134e-08
459 5.70134e-08
460 5.70134e-08
461 5.70134e-08
462 5.70134e-08
463 5.70134e-08
464 5.70134e-08
465 5.70134e-08
466 5.70134e-08
467 5.70134e-08
468 5.70134e-08
469 5.70134e-08
470 5.70134e-08
471 5.70134e-08
472 5.70134e-08
473 5.70134e-08
474 5.70134e-08
475 5.70134e-08
476 5.70134e-08
477 5.72414e-08
478 1.13799e-07
479 5.70134e-08
480 5.70134e-08
481 5.70134e-08
482 5.70134e-08
483 5.70134e-08
484 5.70134e-08
485 5.70134e-08
486 5.70134e-08
487 5.70134e-08
488 5.70134e-08
489 5.70134e-08
490 5.70134e-08
491 5.70134e-08
492 5.70134e-08
493 5.70134e-08
494 5.70134e-08
495 5.70134e-08
496 5.70134e-08
497 7.13807e-08
498 1.66964e-05
499 0.999955

λ: 1
μ: 0.0100296
ρ: 99.7051

średnia liczba zadań w systemie: 
z wzoru ρ/(1-ρ): 	-1.01013
z histogramu: 		498.993

średni czas pobytu w systemie:
zmierzony:	49781.9
obliczony:	-1.01013

średni czas oczekiwania w kolejce:
zmierzony:	49682.2
obliczony:	-100.715

prawdopodobieństwo utraty pakietu: 0.98997

P(0): -98.7051
P(1): -9841.39
P(2): -981237
P(500): -inf

End.
